00 12 31 37
45 61 01 13
00 00 00 b7
00 50 80 93
00 11 00 23
00 01 07 83
00 01 47 83
00 11 01 13
ff e0 80 93
00 11 00 23
00 01 07 83
00 11 01 13
60 00 80 93
00 11 10 23
00 01 11 83
00 01 57 83
00 21 01 13
08 09 00 b7
60 20 80 93
00 11 20 23
00 01 21 83
0c f0 72 63
ff c1 01 13
00 00 01 b7
00 81 81 93
00 00 02 37
ff f1 82 93
00 01 03 13
00 00 00 37
00 72 23 93
00 03 94 63
06 01 d2 63
00 02 03 93
00 12 04 13
00 11 04 93
00 34 25 33
02 05 04 63
00 04 85 03
00 73 05 b3
00 05 86 03
00 c5 44 63
00 30 64 63
00 04 03 b3
00 14 84 93
00 14 04 13
fd 9f f7 ef
00 73 05 b3
00 05 87 03
00 01 06 03
00 e1 00 23
00 c5 80 23
00 11 01 13
00 12 02 13
00 00 07 97
00 87 87 93
f9 47 87 e7
00 51 47 93
01 21 e7 93
01 92 f7 93
01 e2 12 13
00 80 d7 93
41 02 55 93
00 37 97 b3
00 c5 b7 b3
00 c5 c7 b3
00 00 d7 b3
40 e5 d7 b3
00 37 e7 b3
00 15 f7 b3
00 97 b7 93